free-noun	954816	2192900	0.4354
free-particle	556296	2192900	0.2537
free-verb	248777	2192900	0.1134
free-symbol	258393	2192900	0.1178
free-content	1315356	2192900	0.5998
free-function	832589	2192900	0.3797
free-all	2192900	2192900	1
false-noun	875333	2192900	0.3992
false-particle	555939	2192900	0.2535
false-verb	246597	2192900	0.1125
false-symbol	258359	2192900	0.1178
false-content	1232598	2192900	0.5621
false-function	832175	2192900	0.3795
false-all	2108959	2192900	0.9617
true-noun	959274	2192900	0.4374
true-particle	639880	2192900	0.2918
true-verb	330538	2192900	0.1507
true-symbol	342300	2192900	0.1561
true-content	1316539	2192900	0.6004
true-function	916116	2192900	0.4178
true-all	2192900	2192900	1
free-minus_noun 1238084 2192900 0.5646
free-minus_verb 1944123 2192900 0.8866
free-minus_symbol 1934507 2192900 0.8822
free-minus_particle 1636604 2192900 0.7463
free-minus_verb_symbol 1685730 2192900 0.7687