接尾辞-名詞性述語接尾辞-*	658	935	0.7037
名詞-形式名詞-*	4167	6676	0.6242
接尾辞-名詞性名詞接尾辞-*	7316	14345	0.51
名詞-組織名-*	1647	3840	0.4289
名詞-普通名詞-*	55855	132336	0.4221
指示詞-名詞形態指示詞-*	883	2371	0.3724
名詞-サ変名詞-*	18057	66028	0.2735
名詞-地名-*	2906	15291	0.19
接尾辞-名詞性名詞助数辞-*	2433	15452	0.1575
名詞-人名-*	994	9101	0.1092
名詞-時相名詞-*	1042	9714	0.1073
接尾辞-名詞性特殊接尾辞-*	317	2965	0.1069
動詞-*-子音動詞マ行	242	2661	0.0909
名詞-副詞的名詞-*	446	4936	0.0904
動詞-*-子音動詞サ行	343	4817	0.0712
形容詞-*-ナノ形容詞	334	4720	0.0708
感動詞-*-*	5	73	0.0685
動詞-*-子音動詞ワ行	529	7890	0.067
動詞-*-子音動詞カ行	257	4093	0.0628
形容詞-*-ナ形容詞	437	7611	0.0574
副詞-*-*	499	9508	0.0525
助動詞-*-助動詞く型	10	200	0.05
助動詞-*-助動詞そうだ型	1	20	0.05
動詞-*-子音動詞バ行	39	795	0.0491
動詞-*-母音動詞	761	18254	0.0417
名詞-固有名詞-*	17	432	0.0394
動詞-*-子音動詞ガ行	16	473	0.0338
接尾辞-動詞性接尾辞-子音動詞サ行	2	70	0.0286
動詞-*-子音動詞ラ行	418	16107	0.026
動詞-*-ザ変動詞	11	450	0.0244
動詞-*-子音動詞タ行	29	1297	0.0224
動詞-*-子音動詞カ行促音便形	4	194	0.0206
名詞-数詞-*	310	19026	0.0163
接尾辞-形容詞性述語接尾辞-ナノ形容詞	1	69	0.0145
動詞-*-カ変動詞来	1	75	0.0133
助詞-終助詞-*	12	1244	0.0096
動詞-*-子音動詞ワ行文語音便形	1	127	0.0079
特殊-記号-*	28	3731	0.0075
形容詞-*-イ形容詞アウオ段	36	5027	0.0072
助詞-接続助詞-*	303	47438	0.0064
接尾辞-動詞性接尾辞-動詞性接尾辞ます型	4	631	0.0063
接尾辞-動詞性接尾辞-子音動詞ラ行	8	1415	0.0057
助動詞-*-助動詞ぬ型	5	1003	0.005
動詞-*-サ変動詞	102	20695	0.0049
接尾辞-動詞性接尾辞-カ変動詞	4	1007	0.004
接尾辞-動詞性接尾辞-サ変動詞	3	763	0.0039
助動詞-*-ナ形容詞	14	3779	0.0037
接尾辞-形容詞性述語接尾辞-イ形容詞アウオ段	20	7177	0.0028
接尾辞-動詞性接尾辞-子音動詞カ行促音便形	1	372	0.0027
接尾辞-動詞性接尾辞-母音動詞	40	15075	0.0027
連体詞-*-*	2	845	0.0024
接頭辞-名詞接頭辞-*	12	6898	0.0017
助詞-副助詞-*	61	36057	0.0017
特殊-括弧終-*	8	8384	0.001
判定詞-*-判定詞	4	6184	0.0006
接続詞-*-*	1	2009	0.0005
接尾辞-形容詞性名詞接尾辞-ナ形容詞	1	2147	0.0005
助詞-格助詞-*	38	100930	0.0004
指示詞-連体詞形態指示詞-*	1	3694	0.0003
特殊-読点-*	3	38833	0.0001